105.597928 10.91 36.54 1029.10 4.15 30.58 11.71 12.28 1.10 7.50 4.47 0.00 0.00 0.00 0.00 1618496461 10.94 33.85 1029.74 1618496461 0 1.12 1.18 1618496457
105.598623 10.90 35.98 1029.10 4.09 35.22 11.65 12.28 0.90 7.50 4.40 0.00 0.00 0.00 0.00 1618496521 10.92 34.14 1029.75 1618496521 0 1.14 1.17 1618496517
105.599317 10.86 35.56 1029.10 4.01 38.35 11.58 12.28 0.90 7.50 4.30 0.00 0.00 0.00 0.00 1618496581 11.07 34.38 1029.74 1618496581 0 1.13 1.22 1618496578
105.600012 10.80 36.18 1029.10 3.99 38.73 11.50 12.25 0.90 7.50 4.28 0.00 0.00 0.00 0.00 1618496641 11.31 34.66 1029.73 1618496641 0 1.11 1.15 1618496639
105.600706 10.80 36.12 1029.10 3.86 37.47 11.43 12.24 0.90 7.50 4.15 0.00 0.00 0.00 0.00 1618496701 11.66 34.28 1029.73 1618496701 0 1.10 1.15 1618496699
105.601400 10.86 36.42 1029.10 3.91 37.26 11.40 12.28 0.90 7.50 4.19 0.00 0.00 0.00 0.00 1618496761 11.88 32.27 1029.70 1618496761 0 1.11 1.20 1618496760
105.602095 10.97 35.44 1029.09 3.85 36.84 11.40 12.26 0.90 7.50 4.14 0.00 0.00 0.00 0.00 1618496821 12.06 31.33 1029.65 1618496821 0 1.11 1.11 1618496821
105.602789 11.10 35.09 1029.06 3.94 34.95 11.47 12.30 0.90 9.10 4.26 0.00 0.00 0.00 0.00 1618496881 12.14 31.76 1029.63 1618496881 0 1.08 1.02 1618496875
105.603484 11.10 36.25 1029.04 4.14 32.42 11.50 12.21 0.90 9.10 4.48 0.00 0.00 0.00 0.00 1618496941 12.09 30.55 1029.65 1618496941 0 1.07 1.12 1618496935
105.604178 11.10 34.48 1028.96 4.28 28.74 11.50 12.24 0.90 9.10 4.67 0.00 0.00 0.00 0.00 1618497001 12.09 31.33 1029.68 1618497001 0 1.11 1.06 1618496996
105.604873 11.13 34.88 1029.00 4.43 25.06 11.56 12.21 0.90 9.10 4.84 0.00 0.00 0.00 0.00 1618497061 12.27 32.60 1029.70 1618497061 0 1.10 1.24 1618497057
105.605567 11.27 36.37 1029.06 4.81 23.62 11.62 12.25 1.50 9.40 5.21 0.00 0.00 0.00 0.00 1618497121 12.24 31.45 1029.72 1618497121 0 1.09 1.10 1618497117
105.606262 11.30 36.09 1029.10 5.06 22.09 11.70 12.22 1.70 9.40 5.47 0.00 0.00 0.00 0.00 1618497181 12.10 31.64 1029.71 1618497181 0 1.10 1.14 1618497179
105.606956 11.20 35.56 1029.10 5.12 22.41 11.70 12.24 1.70 9.40 5.54 0.00 0.00 0.00 0.00 1618497241 11.84 32.02 1029.72 1618497241 0 1.13 1.16 1618497239
105.607650 11.20 36.73 1029.10 5.34 22.77 11.70 12.30 1.70 9.40 5.74 0.00 0.00 0.00 0.00 1618497301 11.74 33.53 1029.75 1618497301 0 1.15 1.17 1618497300
105.608345 11.11 36.11 1029.10 5.40 22.21 11.70 12.28 1.70 9.40 5.81 0.00 0.00 0.00 0.00 1618497361 11.57 33.57 1029.75 1618497361 0 1.18 1.16 1618497361
105.609039 11.02 36.59 1029.11 5.58 20.69 11.63 12.25 1.70 9.40 5.98 0.00 0.00 0.00 0.00 1618497421 11.26 32.99 1029.74 1618497421 0 1.17 1.15 1618497415
105.609734 10.91 36.03 1029.10 5.44 18.78 11.58 12.27 1.60 9.40 5.82 0.00 0.00 0.00 0.00 1618497481 10.99 33.68 1029.73 1618497481 0 1.19 1.21 1618497475
105.610428 10.80 36.27 1029.10 5.24 18.21 11.50 12.28 1.60 9.40 5.62 0.00 0.00 0.00 0.00 1618497541 10.99 34.87 1029.75 1618497541 0 1.17 1.23 1618497536
105.611123 10.70 36.52 1029.10 5.15 20.68 11.40 12.30 1.60 9.40 5.50 0.00 0.00 0.00 0.00 1618497601 11.10 35.88 1029.73 1618497601 0 1.18 1.20 1618497597
105.611817 10.70 37.65 1029.09 5.27 21.11 11.34 12.25 1.60 9.40 5.63 0.00 0.00 0.00 0.00 1618497661 11.31 36.62 1029.73 1618497661 0 1.16 1.26 1618497657
105.612512 10.68 37.43 1029.10 5.07 19.44 11.30 12.28 1.60 8.80 5.43 0.00 0.00 0.00 0.00 1618497721 11.59 34.67 1029.70 1618497721 0 1.18 1.28 1618497718
105.613206 10.63 38.13 1029.10 5.04 18.04 11.21 12.28 1.60 8.80 5.39 0.00 0.00 0.00 0.00 1618497781 11.57 34.89 1029.68 1618497781 0 1.17 1.24 1618497779
105.613900 10.61 38.39 1029.08 5.13 17.47 11.20 12.25 1.60 8.80 5.47 0.00 0.00 0.00 0.00 1618497841 11.49 34.91 1029.67 1618497841 0 1.14 1.15 1618497840
105.614595 10.70 38.81 1029.10 5.09 17.71 11.20 12.23 1.60 8.80 5.43 0.00 0.00 0.00 0.00 1618497901 11.44 35.43 1029.68 1618497901 0 1.16 1.09 1618497901
105.615289 10.70 38.63 1029.09 5.09 17.62 11.20 12.20 1.60 8.80 5.42 0.00 0.00 0.00 0.00 1618497961 11.50 35.39 1029.68 1618497961 0 1.11 1.16 1618497955
105.615984 10.74 38.56 1029.08 4.77 16.59 11.20 12.26 0.60 8.80 5.15 0.00 0.00 0.00 0.00 1618498021 11.69 35.07 1029.66 1618498021 0 1.16 1.21 1618498015
105.616678 10.86 38.34 1029.03 4.67 13.11 11.21 12.26 0.60 8.80 5.05 0.00 0.00 0.00 0.00 1618498081 11.71 34.73 1029.66 1618498081 0 1.15 1.05 1618498076
105.617373 11.02 38.44 1029.01 4.58 9.41 11.30 12.24 0.60 8.80 4.98 0.00 0.00 0.00 0.00 1618498141 11.63 35.16 1029.67 1618498141 0 1.13 0.99 1618498137
105.618067 11.14 38.30 1029.04 4.61 8.64 11.39 12.22 0.60 8.80 5.03 0.00 0.00 0.00 0.00 1618498201 11.49 34.56 1029.63 1618498201 0 1.07 0.75 1618498198
